{
  "n_frames": 84,
  "frame_indices": [
    0,
    1,
    2,
    3,
    4,
    5,
    6,
    7,
    8,
    9,
    10,
    11,
    12,
    13,
    14,
    15,
    16,
    17,
    18,
    19,
    20,
    21,
    22,
    23,
    24,
    25,
    26,
    27,
    28,
    29,
    30,
    31,
    32,
    33,
    34,
    35,
    36,
    37,
    38,
    39,
    40,
    41,
    42,
    43,
    44,
    45,
    46,
    47,
    48,
    49,
    50,
    51,
    52,
    53,
    54,
    55,
    56,
    57,
    58,
    59,
    60,
    61,
    62,
    63,
    64,
    65,
    66,
    67,
    68,
    69,
    70,
    71,
    72,
    73,
    74,
    75,
    76,
    77,
    78,
    79,
    80,
    81,
    82,
    83
  ],
  "timestamps": [
    0.0,
    0.2,
    0.4,
    0.6,
    0.8,
    1.0,
    1.2,
    1.4,
    1.6,
    1.8,
    2.0,
    2.2,
    2.4,
    2.6,
    2.8,
    3.0,
    3.2,
    3.4,
    3.6,
    3.8,
    4.0,
    4.2,
    4.4,
    4.6,
    4.8,
    5.0,
    5.2,
    5.4,
    5.6,
    5.8,
    6.0,
    6.2,
    6.4,
    6.6,
    6.8,
    7.0,
    7.2,
    7.4,
    7.6,
    7.8,
    8.0,
    8.2,
    8.4,
    8.6,
    8.8,
    9.0,
    9.2,
    9.4,
    9.6,
    9.8,
    10.0,
    10.2,
    10.4,
    10.6,
    10.8,
    11.0,
    11.2,
    11.4,
    11.6,
    11.8,
    12.0,
    12.2,
    12.4,
    12.6,
    12.8,
    13.0,
    13.2,
    13.4,
    13.6,
    13.8,
    14.0,
    14.2,
    14.4,
    14.6,
    14.8,
    15.0,
    15.2,
    15.4,
    15.6,
    15.8,
    16.0,
    16.2,
    16.4,
    16.6
  ],
  "video_duration": 16.708,
  "camera_positions": [
    [
      -1.0213143468718044e-05,
      -7.133157487260178e-05,
      -0.00011965039448114112
    ],
    [
      0.026610076427459717,
      -0.009132331237196922,
      0.005745730362832546
    ],
    [
      0.03192102909088135,
      -0.007408055476844311,
      0.004457848146557808
    ],
    [
      0.024799678474664688,
      -0.004505970515310764,
      -0.008190884254872799
    ],
    [
      0.006356433965265751,
      0.006912110839039087,
      -0.03581206128001213
    ],
    [
      -0.03507271781563759,
      0.013023525476455688,
      -0.07087331265211105
    ],
    [
      -0.08308583498001099,
      0.022484740242362022,
      -0.08481874316930771
    ],
    [
      -0.11439389735460281,
      0.03947417810559273,
      -0.053626492619514465
    ],
    [
      -0.14680154621601105,
      0.05306410789489746,
      -0.03699361905455589
    ],
    [
      -0.17290419340133667,
      0.07232403010129929,
      -0.01606815867125988
    ],
    [
      -0.18457432091236115,
      0.08037815988063812,
      0.003193096024915576
    ],
    [
      -0.17961804568767548,
      0.0807131677865982,
      0.019114773720502853
    ],
    [
      -0.1761065274477005,
      0.07540998607873917,
      0.02451593615114689
    ],
    [
      -0.15233172476291656,
      0.06602322310209274,
      0.03297926485538483
    ],
    [
      -0.1270492821931839,
      0.05830654501914978,
      0.03904145210981369
    ],
    [
      -0.12331429123878479,
      0.0543595515191555,
      0.03973836451768875
    ],
    [
      -0.127499520778656,
      0.04518808797001839,
      0.03556372597813606
    ],
    [
      -0.11724454909563065,
      0.047325775027275085,
      0.028024358674883842
    ],
    [
      -0.10897433012723923,
      0.04353990778326988,
      -0.00886863749474287
    ],
    [
      -0.07445968687534332,
      0.0307763684540987,
      -0.030724583193659782
    ],
    [
      -0.0018427042523398995,
      0.016223838552832603,
      -0.08135795593261719
    ],
    [
      0.06636805832386017,
      0.01967446506023407,
      -0.10931195318698883
    ],
    [
      0.07801436632871628,
      -0.000453396060038358,
      -0.14505112171173096
    ],
    [
      0.0028685838915407658,
      0.04176760092377663,
      -0.08401966094970703
    ],
    [
      -0.08341526240110397,
      0.06010132655501366,
      -0.08175244927406311
    ],
    [
      -0.24106383323669434,
      0.11675889790058136,
      -0.10402001440525055
    ],
    [
      -0.2795502245426178,
      0.12232451885938644,
      -0.06783562153577805
    ],
    [
      -0.27766579389572144,
      0.09875214099884033,
      -0.09391645342111588
    ],
    [
      -0.26710930466651917,
      0.13304941356182098,
      -0.1322319060564041
    ],
    [
      -0.26021140813827515,
      0.15491241216659546,
      -0.15656225383281708
    ],
    [
      -0.2675740718841553,
      0.1595267355442047,
      -0.14469031989574432
    ],
    [
      -0.19086267054080963,
      0.1462251991033554,
      -0.14769378304481506
    ],
    [
      -0.20423318445682526,
      0.13721910119056702,
      -0.13409455120563507
    ],
    [
      -0.17893023788928986,
      0.14061200618743896,
      -0.1475638598203659
    ],
    [
      -0.16088713705539703,
      0.10862727463245392,
      -0.12073653191328049
    ],
    [
      -0.13578777015209198,
      0.07931917160749435,
      -0.1123805046081543
    ],
    [
      -0.06255711615085602,
      0.06063467636704445,
      -0.13701553642749786
    ],
    [
      -0.05471125617623329,
      0.06831197440624237,
      -0.18641112744808197
    ],
    [
      -0.08332450687885284,
      0.08381039649248123,
      -0.20932699739933014
    ],
    [
      -0.13234417140483856,
      0.06820129603147507,
      -0.21689479053020477
    ],
    [
      -0.11029528826475143,
      0.12122085690498352,
      -0.2579464614391327
    ],
    [
      -0.13767752051353455,
      0.1449156552553177,
      -0.2932421565055847
    ],
    [
      -0.18693184852600098,
      0.16920600831508636,
      -0.34334486722946167
    ],
    [
      -0.23788388073444366,
      0.17426010966300964,
      -0.40249454975128174
    ],
    [
      -0.23996315896511078,
      0.10487326979637146,
      -0.35653042793273926
    ],
    [
      -0.20517365634441376,
      0.08761978149414062,
      -0.3551281988620758
    ],
    [
      -0.2099209576845169,
      0.054496582597494125,
      -0.3806750774383545
    ],
    [
      -0.15892450511455536,
      0.04083859175443649,
      -0.4798886775970459
    ],
    [
      -0.17866475880146027,
      0.07770140469074249,
      -0.5476567149162292
    ],
    [
      -0.1932096779346466,
      0.09287640452384949,
      -0.567142128944397
    ],
    [
      -0.1598832607269287,
      0.11479183286428452,
      -0.6073741912841797
    ],
    [
      -0.14308752119541168,
      0.13541880249977112,
      -0.6957778334617615
    ],
    [
      -0.12749214470386505,
      0.08072338998317719,
      -0.6556767225265503
    ],
    [
      0.026384208351373672,
      0.03463984653353691,
      -0.7763287425041199
    ],
    [
      0.1496584415435791,
      0.05179440602660179,
      -0.8616377711296082
    ],
    [
      0.12902355194091797,
      0.020172856748104095,
      -0.8528661727905273
    ],
    [
      0.10666310787200928,
      0.11168572306632996,
      -1.0327417850494385
    ],
    [
      0.2804637551307678,
      -0.0013781811576336622,
      -0.9972241520881653
    ],
    [
      0.2802385985851288,
      0.047885093837976456,
      -1.1142929792404175
    ],
    [
      0.3362221419811249,
      0.07061640173196793,
      -1.1002451181411743
    ],
    [
      0.38867613673210144,
      0.04457973688840866,
      -1.1827571392059326
    ],
    [
      0.5228347182273865,
      0.02035035938024521,
      -1.1158491373062134
    ],
    [
      0.6196971535682678,
      0.023468196392059326,
      -1.0982601642608643
    ],
    [
      0.7160600423812866,
      -0.007368654012680054,
      -1.1269136667251587
    ],
    [
      0.6359793543815613,
      -0.15072007477283478,
      -1.13096284866333
    ],
    [
      0.94449782371521,
      -0.5404679775238037,
      -0.9099426865577698
    ],
    [
      0.5571724772453308,
      0.21685409545898438,
      -1.345577359199524
    ],
    [
      0.7499316930770874,
      0.21674305200576782,
      -1.380041480064392
    ],
    [
      0.7917672991752625,
      0.2949100434780121,
      -1.4024875164031982
    ],
    [
      1.0120004415512085,
      0.19034478068351746,
      -1.2136046886444092
    ],
    [
      1.1048986911773682,
      0.15473812818527222,
      -1.0746790170669556
    ],
    [
      1.3808671236038208,
      0.24971984326839447,
      -1.170348882675171
    ],
    [
      1.5260648727416992,
      0.20229549705982208,
      -1.2632330656051636
    ],
    [
      1.5912022590637207,
      0.23747025430202484,
      -1.366967797279358
    ],
    [
      1.5484281778335571,
      0.31061261892318726,
      -1.3122761249542236
    ],
    [
      1.5917388200759888,
      0.18382298946380615,
      -1.3747400045394897
    ],
    [
      1.5475943088531494,
      0.2733329236507416,
      -1.5433950424194336
    ],
    [
      1.5550639629364014,
      0.34193894267082214,
      -1.396670937538147
    ],
    [
      1.5042469501495361,
      0.39165371656417847,
      -1.4256465435028076
    ],
    [
      1.5520349740982056,
      0.3926811218261719,
      -1.3740752935409546
    ],
    [
      1.6331807374954224,
      0.37245437502861023,
      -1.3552091121673584
    ],
    [
      1.660064935684204,
      0.3829665780067444,
      -1.3834314346313477
    ],
    [
      1.5891320705413818,
      0.44044896960258484,
      -1.4198873043060303
    ],
    [
      1.6566122770309448,
      0.3377528488636017,
      -1.3686740398406982
    ]
  ],
  "camera_forwards": [
    [
      -0.0004685255407821387,
      9.972424595616758e-05,
      0.9999998807907104
    ],
    [
      -0.10942370444536209,
      0.06656196713447571,
      0.9917640686035156
    ],
    [
      -0.12546609342098236,
      0.06249050050973892,
      0.9901278614997864
    ],
    [
      -0.11509992927312851,
      0.04276009276509285,
      0.9924331903457642
    ],
    [
      -0.08920068293809891,
      0.004000167828053236,
      0.996005654335022
    ],
    [
      -0.059785421937704086,
      -0.013401909731328487,
      0.9981212615966797
    ],
    [
      -0.018159886822104454,
      -0.006696462631225586,
      0.999812662601471
    ],
    [
      0.04971006140112877,
      0.004534851759672165,
      0.9987533688545227
    ],
    [
      0.12961742281913757,
      0.003348325612023473,
      0.9915584325790405
    ],
    [
      0.19681118428707123,
      -0.008944552391767502,
      0.9804006218910217
    ],
    [
      0.2560502290725708,
      -0.018438346683979034,
      0.9664876461029053
    ],
    [
      0.27320683002471924,
      0.0024340006057173014,
      0.961952269077301
    ],
    [
      0.26193147897720337,
      0.023273319005966187,
      0.9648058414459229
    ],
    [
      0.21047256886959076,
      0.06567857414484024,
      0.9753910303115845
    ],
    [
      0.1500142365694046,
      0.11805886775255203,
      0.9816098213195801
    ],
    [
      0.12081823498010635,
      0.15322546660900116,
      0.9807776808738708
    ],
    [
      0.10420327633619308,
      0.17535696923732758,
      0.9789747595787048
    ],
    [
      0.10576466470956802,
      0.17426574230194092,
      0.9790021777153015
    ],
    [
      0.11619178205728531,
      0.14880800247192383,
      0.9820160865783691
    ],
    [
      0.12779122591018677,
      0.09595344960689545,
      0.9871485829353333
    ],
    [
      0.06189609691500664,
      0.07958430051803589,
      0.994904637336731
    ],
    [
      -0.026068760082125664,
      0.10681319236755371,
      0.9939373135566711
    ],
    [
      0.27088069915771484,
      0.1025741845369339,
      0.9571322798728943
    ],
    [
      0.876984715461731,
      0.19374482333660126,
      0.43972790241241455
    ],
    [
      0.9600746035575867,
      0.24186068773269653,
      0.14057093858718872
    ],
    [
      0.9132517576217651,
      0.3091253936290741,
      -0.26535356044769287
    ],
    [
      0.8971249461174011,
      0.3037359416484833,
      -0.32079803943634033
    ],
    [
      0.9021825194358826,
      0.2935151755809784,
      -0.3160940408706665
    ],
    [
      0.9163326621055603,
      0.27564558386802673,
      -0.2904372215270996
    ],
    [
      0.9285523295402527,
      0.2648829519748688,
      -0.2600531578063965
    ],
    [
      0.9081583619117737,
      0.29117250442504883,
      -0.3007775545120239
    ],
    [
      0.8943749070167542,
      0.30811119079589844,
      -0.32428574562072754
    ],
    [
      0.890902042388916,
      0.317340224981308,
      -0.3249446153640747
    ],
    [
      0.8859062790870667,
      0.3151363730430603,
      -0.3403806686401367
    ],
    [
      0.8599404692649841,
      0.3561230003833771,
      -0.3656209707260132
    ],
    [
      0.8307836651802063,
      0.4138879179954529,
      -0.37214982509613037
    ],
    [
      0.8141416311264038,
      0.4740491211414337,
      -0.3353368043899536
    ],
    [
      0.8158153891563416,
      0.4946846067905426,
      -0.29955315589904785
    ],
    [
      0.773874044418335,
      0.565649688243866,
      -0.2848846912384033
    ],
    [
      0.7639580965042114,
      0.5943073630332947,
      -0.2513301372528076
    ],
    [
      0.7516468167304993,
      0.6237232685089111,
      -0.21446728706359863
    ],
    [
      0.7389398217201233,
      0.6642369627952576,
      -0.11294817924499512
    ],
    [
      0.7215248346328735,
      0.6915785670280457,
      -0.03347969055175781
    ],
    [
      0.719089150428772,
      0.6871718168258667,
      -0.10346817970275879
    ],
    [
      0.7215481996536255,
      0.6382119059562683,
      -0.2684284448623657
    ],
    [
      0.7216445803642273,
      0.5850415825843811,
      -0.3700748682022095
    ],
    [
      0.7433488965034485,
      0.5060156583786011,
      -0.4374706745147705
    ],
    [
      0.7871306538581848,
      0.4418794512748718,
      -0.4303114414215088
    ],
    [
      0.8475416898727417,
      0.3735940754413605,
      -0.3769623041152954
    ],
    [
      0.8271480798721313,
      0.3856421113014221,
      -0.40878617763519287
    ],
    [
      0.8591560125350952,
      0.3839748799800873,
      -0.33825182914733887
    ],
    [
      0.8525751829147339,
      0.4280010759830475,
      -0.2998843193054199
    ],
    [
      0.8386954069137573,
      0.47942686080932617,
      -0.2583404779434204
    ],
    [
      0.7960165143013,
      0.5587707757949829,
      -0.23266446590423584
    ],
    [
      0.8333401083946228,
      0.5276123881340027,
      -0.1648317575454712
    ],
    [
      0.8640434145927429,
      0.4985496401786804,
      -0.06983816623687744
    ],
    [
      0.9127892255783081,
      0.39432987570762634,
      0.10639512538909912
    ],
    [
      0.8772523403167725,
      0.47841280698776245,
      0.03936284780502319
    ],
    [
      0.8883965611457825,
      0.4549716114997864,
      0.06125819683074951
    ],
    [
      0.8833695650100708,
      0.46849745512008667,
      -0.012973666191101074
    ],
    [
      0.8898270726203918,
      0.4562939405441284,
      -0.0019042491912841797
    ],
    [
      0.8738869428634644,
      0.4857080280780792,
      -0.02022707462310791
    ],
    [
      0.8577514886856079,
      0.5109717845916748,
      -0.0563046932220459
    ],
    [
      0.8291409015655518,
      0.5249757170677185,
      -0.19216060638427734
    ],
    [
      0.7453988194465637,
      0.6099091172218323,
      -0.2690565586090088
    ],
    [
      0.6391134262084961,
      0.6860727667808533,
      -0.3476177453994751
    ],
    [
      -0.009660283103585243,
      0.9999163150787354,
      0.008622407913208008
    ],
    [
      -0.07725770026445389,
      0.9968874454498291,
      0.015706300735473633
    ],
    [
      -0.1788577437400818,
      0.9720521569252014,
      0.15206784009933472
    ],
    [
      -0.247782900929451,
      0.9600809216499329,
      0.1298009157180786
    ],
    [
      -0.34392207860946655,
      0.9301748275756836,
      0.12842261791229248
    ],
    [
      -0.46821069717407227,
      0.7757270336151123,
      0.4231150150299072
    ],
    [
      -0.5003955364227295,
      0.6319745182991028,
      0.591787576675415
    ],
    [
      -0.5991851091384888,
      0.5370184183120728,
      0.5937916040420532
    ],
    [
      -0.6304824948310852,
      0.4814847409725189,
      0.6088219881057739
    ],
    [
      -0.5707311630249023,
      0.5248363018035889,
      0.6315162181854248
    ],
    [
      -0.2657164931297302,
      0.3348814845085144,
      0.9040182828903198
    ],
    [
      -0.20938445627689362,
      0.2919614315032959,
      0.9332291483879089
    ],
    [
      -0.15464282035827637,
      0.2587032616138458,
      0.9534978866577148
    ],
    [
      -0.18590380251407623,
      0.250413715839386,
      0.9501224756240845
    ],
    [
      -0.21888574957847595,
      0.2726207673549652,
      0.9368921518325806
    ],
    [
      -0.2358870506286621,
      0.27465173602104187,
      0.9321607947349548
    ],
    [
      -0.19957728683948517,
      0.2480945885181427,
      0.9479545950889587
    ],
    [
      -0.24752706289291382,
      0.26493439078330994,
      0.9319549798965454
    ]
  ],
  "extrinsics": [
    [
      [
        0.9999998211860657,
        0.0003517399018164724,
        0.00046849041245877743,
        1.0294286767020822e-05
      ],
      [
        -0.0003516931610647589,
        0.9999999403953552,
        -9.988902456825599e-05,
        7.131602615118027e-05
      ],
      [
        -0.0004685255407821387,
        9.972424595616758e-05,
        0.9999998807907104,
        0.00011965270823566243
      ]
    ],
    [
      [
        0.9936802387237549,
        0.03244069218635559,
        0.10745788365602493,
        -0.02676307037472725
      ],
      [
        -0.02502090483903885,
        0.9972547888755798,
        -0.06969108432531357,
        0.010173494927585125
      ],
      [
        -0.10942370444536209,
        0.06656196713447571,
        0.9917640686035156,
        -0.0021787697914987803
      ]
    ],
    [
      [
        0.9911232590675354,
        0.05212315544486046,
        0.12230254709720612,
        -0.03179674595594406
      ],
      [
        -0.043965838849544525,
        0.9966835379600525,
        -0.06847547739744186,
        0.009092175401747227
      ],
      [
        -0.12546609342098236,
        0.06249050050973892,
        0.9901278614997864,
        5.409990262705833e-05
      ]
    ],
    [
      [
        0.9925888180732727,
        0.044154636561870575,
        0.11321553587913513,
        -0.023489590734243393
      ],
      [
        -0.038979414850473404,
        0.9981091618537903,
        -0.04752538353204727,
        0.005074853077530861
      ],
      [
        -0.11509992927312851,
        0.04276009276509285,
        0.9924331903457642,
        0.01117602176964283
      ]
    ],
    [
      [
        0.9958811402320862,
        0.016670413315296173,
        0.08912258595228195,
        -0.0032538173254579306
      ],
      [
        -0.016247320920228958,
        0.9998530149459839,
        -0.0054707033559679985,
        -0.007003737613558769
      ],
      [
        -0.08920068293809891,
        0.004000167828053236,
        0.996005654335022,
        0.03620836138725281
      ]
    ],
    [
      [
        0.995320200920105,
        -0.0768463984131813,
        0.05858581140637398,
        0.04006156697869301
      ],
      [
        0.07591686397790909,
        0.9969528913497925,
        0.01793348602950573,
        -0.009050224907696247
      ],
      [
        -0.059785421937704086,
        -0.013401909731328487,
        0.9981212615966797,
        0.0688178688287735
      ]
    ],
    [
      [
        0.9848011136054993,
        -0.1728784292936325,
        0.016729338094592094,
        0.08712910860776901
      ],
      [
        0.17273403704166412,
        0.9849203824996948,
        0.009734136052429676,
        -0.0069682905450463295
      ],
      [
        -0.018159886822104454,
        -0.006696462631225586,
        0.999812662601471,
        0.08344459533691406
      ]
    ],
    [
      [
        0.9738701581954956,
        -0.22209031879901886,
        -0.04746316745877266,
        0.1176263615489006
      ],
      [
        0.22159820795059204,
        0.9750155210494995,
        -0.015456479974091053,
        -0.013967325910925865
      ],
      [
        0.04971006140112877,
        0.004534851759672165,
        0.9987533688545227,
        0.05906715989112854
      ]
    ],
    [
      [
        0.9441243410110474,
        -0.3060254454612732,
        -0.12238339334726334,
        0.1503104716539383
      ],
      [
        0.3030323088169098,
        0.9520174264907837,
        -0.042827457189559937,
        -0.007616681512445211
      ],
      [
        0.12961742281913757,
        0.003348325612023473,
        0.9915584325790405,
        0.05553169548511505
      ]
    ],
    [
      [
        0.8993794322013855,
        -0.39648500084877014,
        -0.18416380882263184,
        0.18122269213199615
      ],
      [
        0.39036139845848083,
        0.9179976582527161,
        -0.06998812407255173,
        -2.2737331164535135e-05
      ],
      [
        0.19681118428707123,
        -0.008944552391767502,
        0.9804006218910217,
        0.05042961612343788
      ]
    ],
    [
      [
        0.8682821989059448,
        -0.43506723642349243,
        -0.2383328676223755,
        0.19599351286888123
      ],
      [
        0.4248815178871155,
        0.9002091884613037,
        -0.09538937360048294,
        0.006369648035615683
      ],
      [
        0.2560502290725708,
        -0.018438346683979034,
        0.9664876461029053,
        0.045656245201826096
      ]
    ],
    [
      [
        0.8679423332214355,
        -0.43179622292518616,
        -0.24541422724723816,
        0.19544078409671783
      ],
      [
        0.4147700071334839,
        0.9019678831100464,
        -0.12008223682641983,
        0.003994841128587723
      ],
      [
        0.27320683002471924,
        0.0024340006057173014,
        0.961952269077301,
        0.03048892132937908
      ]
    ],
    [
      [
        0.8720722198486328,
        -0.4339166283607483,
        -0.22628849744796753,
        0.19184692203998566
      ],
      [
        0.4133787751197815,
        0.9006524085998535,
        -0.13395242393016815,
        0.008164486847817898
      ],
      [
        0.26193147897720337,
        0.023273319005966187,
        0.9648058414459229,
        0.020719680935144424
      ]
    ],
    [
      [
        0.9061719179153442,
        -0.3874801695346832,
        -0.16944505274295807,
        0.1692095845937729
      ],
      [
        0.3668157458305359,
        0.9195354580879211,
        -0.14107002317905426,
        -0.00018063694005832076
      ],
      [
        0.21047256886959076,
        0.06567857414484024,
        0.9753910303115845,
        -0.0044423420913517475
      ]
    ],
    [
      [
        0.9438450336456299,
        -0.3127072751522064,
        -0.10663334280252457,
        0.14231084287166595
      ],
      [
        0.2943675220012665,
        0.9424840807914734,
        -0.15833981335163116,
        -0.011371992528438568
      ],
      [
        0.1500142365694046,
        0.11805886775255203,
        0.9816098213195801,
        -0.02614787593483925
      ]
    ],
    [
      [
        0.9511705636978149,
        -0.3005739748477936,
        -0.07021281123161316,
        0.13642212748527527
      ],
      [
        0.28403785824775696,
        0.941369891166687,
        -0.18205836415290833,
        -0.008911815471947193
      ],
      [
        0.12081823498010635,
        0.15322546660900116,
        0.9807776808738708,
        -0.03240515664219856
      ]
    ],
    [
      [
        0.9439340829849243,
        -0.32747501134872437,
        -0.041815176606178284,
        0.13663622736930847
      ],
      [
        0.3132571876049042,
        0.9284449815750122,
        -0.1996493935585022,
        0.005085764452815056
      ],
      [
        0.10420327633619308,
        0.17535696923732758,
        0.9789747595787048,
        -0.029454167932271957
      ]
    ],
    [
      [
        0.941919207572937,
        -0.3331448435783386,
        -0.04245755821466446,
        0.12739108502864838
      ],
      [
        0.31875067949295044,
        0.926631510257721,
        -0.19937920570373535,
        -0.0008943056454882026
      ],
      [
        0.10576466470956802,
        0.17426574230194092,
        0.9790021777153015,
        -0.023282838985323906
      ]
    ],
    [
      [
        0.9371821284294128,
        -0.343852162361145,
        -0.05878204107284546,
        0.11657877266407013
      ],
      [
        0.3289211392402649,
        0.9271579384803772,
        -0.17941299080848694,
        -0.006115557625889778
      ],
      [
        0.11619178205728531,
        0.14880800247192383,
        0.9820160865783691,
        0.014891981147229671
      ]
    ],
    [
      [
        0.9457441568374634,
        -0.31157201528549194,
        -0.09214560687541962,
        0.0771777406334877
      ],
      [
        0.2987261712551117,
        0.9453654289245605,
        -0.13056358695030212,
        -0.010863364674150944
      ],
      [
        0.12779122591018677,
        0.09595344960689545,
        0.9871485829353333,
        0.03689192607998848
      ]
    ],
    [
      [
        0.9762677550315857,
        -0.21209754049777985,
        -0.04377055913209915,
        0.0016789260553196073
      ],
      [
        0.20753337442874908,
        0.9740025401115417,
        -0.09082360565662384,
        -0.0228088591247797
      ],
      [
        0.06189609691500664,
        0.07958430051803589,
        0.994904637336731,
        0.07976629585027695
      ]
    ],
    [
      [
        0.999373197555542,
        -0.021037716418504715,
        0.028472144156694412,
        -0.06280020624399185
      ],
      [
        0.023951373994350433,
        0.9940565228462219,
        -0.10619780421257019,
        -0.03275582566857338
      ],
      [
        -0.026068760082125664,
        0.10681319236755371,
        0.9939373135566711,
        0.10827786475419998
      ]
    ],
    [
      [
        0.9210307598114014,
        0.2614647150039673,
        -0.28868424892425537,
        -0.11360904574394226
      ],
      [
        -0.27986788749694824,
        0.9597471952438354,
        -0.023648208007216454,
        0.018838657066226006
      ],
      [
        0.27088069915771484,
        0.1025741845369339,
        0.9571322798728943,
        0.11774702370166779
      ]
    ],
    [
      [
        0.2902161478996277,
        0.5157920718193054,
        -0.8060601353645325,
        -0.09010082483291626
      ],
      [
        -0.3829781115055084,
        0.8345187306404114,
        0.39611393213272095,
        -0.00047588086454197764
      ],
      [
        0.876984715461731,
        0.19374482333660126,
        0.43972790241241455,
        0.02633783407509327
      ]
    ],
    [
      [
        -0.043670654296875,
        0.6259172558784485,
        -0.7786657810211182,
        -0.10491909086704254
      ],
      [
        -0.27631446719169617,
        0.7414384484291077,
        0.6114894151687622,
        -0.017619509249925613
      ],
      [
        0.9600746035575867,
        0.24186068773269653,
        0.14057093858718872,
        0.07704073190689087
      ]
    ],
    [
      [
        -0.4071378707885742,
        0.6693667769432068,
        -0.6214391589164734,
        -0.24094291031360626
      ],
      [
        -0.014483715407550335,
        0.6755660772323608,
        0.7371571063995361,
        -0.0056907436810433865
      ],
      [
        0.9132517576217651,
        0.3091253936290741,
        -0.26535356044769287,
        0.15645676851272583
      ]
    ],
    [
      [
        -0.4397737979888916,
        0.6830796599388123,
        -0.5830963850021362,
        -0.2460508942604065
      ],
      [
        0.04202328249812126,
        0.6641887426376343,
        0.7463828325271606,
        -0.018867621198296547
      ],
      [
        0.8971249461174011,
        0.3037359416484833,
        -0.32079803943634033,
        0.19187556207180023
      ]
    ],
    [
      [
        -0.43066370487213135,
        0.6543607115745544,
        -0.6215632557868958,
        -0.24257510900497437
      ],
      [
        0.02440130151808262,
        0.6968938112258911,
        0.7167590856552124,
        0.005271135363727808
      ],
      [
        0.9021825194358826,
        0.2935151755809784,
        -0.3160940408706665,
        0.19183357059955597
      ]
    ],
    [
      [
        -0.3996005058288574,
        0.6758245229721069,
        -0.6193388104438782,
        -0.27855145931243896
      ],
      [
        0.025566523894667625,
        0.6835793852806091,
        0.729428231716156,
        0.012332933023571968
      ],
      [
        0.9163326621055603,
        0.27564558386802673,
        -0.2904372215270996,
        0.16968148946762085
      ]
    ],
    [
      [
        -0.3706408739089966,
        0.7000911235809326,
        -0.6103259921073914,
        -0.30045178532600403
      ],
      [
        0.020395949482917786,
        0.6631059646606445,
        0.7482476234436035,
        0.01973126083612442
      ],
      [
        0.9285523295402527,
        0.2648829519748688,
        -0.2600531578063965,
        0.15987171232700348
      ]
    ],
    [
      [
        -0.4140125513076782,
        0.7310845851898193,
        -0.5423182249069214,
        -0.30587470531463623
      ],
      [
        0.061985719949007034,
        0.6170363426208496,
        0.784489631652832,
        0.03165999799966812
      ],
      [
        0.9081583619117737,
        0.29117250442504883,
        -0.3007775545120239,
        0.1530301868915558
      ]
    ],
    [
      [
        -0.44253456592559814,
        0.7151941061019897,
        -0.5409812927246094,
        -0.2689422369003296
      ],
      [
        0.06524483114480972,
        0.6273475885391235,
        0.7760013937950134,
        0.03532935306429863
      ],
      [
        0.8943749070167542,
        0.30811119079589844,
        -0.32428574562072754,
        0.07775416970252991
      ]
    ],
    [
      [
        -0.450655460357666,
        0.706761360168457,
        -0.5453422665596008,
        -0.26214733719825745
      ],
      [
        0.05659919232130051,
        0.63228440284729,
        0.7726660966873169,
        0.028408264741301537
      ],
      [
        0.890902042388916,
        0.317340224981308,
        -0.3249446153640747,
        0.09483328461647034
      ]
    ],
    [
      [
        -0.4584052562713623,
        0.7070212364196777,
        -0.5385030508041382,
        -0.2609018385410309
      ],
      [
        0.07095440477132797,
        0.6330956220626831,
        0.7708147764205933,
        0.03741946443915367
      ],
      [
        0.8859062790870667,
        0.3151363730430603,
        -0.3403806686401367,
        0.06397559493780136
      ]
    ],
    [
      [
        -0.5032739639282227,
        0.7108832001686096,
        -0.49128425121307373,
        -0.21750761568546295
      ],
      [
        0.08495621383190155,
        0.6064828634262085,
        0.7905446887016296,
        0.0432354137301445
      ],
      [
        0.8599404692649841,
        0.3561230003833771,
        -0.3656209707260132,
        0.05552489683032036
      ]
    ],
    [
      [
        -0.550981879234314,
        0.7062667012214661,
        -0.4445295035839081,
        -0.18079350888729095
      ],
      [
        0.07885157316923141,
        0.5743554830551147,
        0.8147994875907898,
        0.056717246770858765
      ],
      [
        0.8307836651802063,
        0.4138879179954529,
        -0.37214982509613037,
        0.03815865144133568
      ]
    ],
    [
      [
        -0.579317569732666,
        0.7024502754211426,
        -0.41346678137779236,
        -0.13548465073108673
      ],
      [
        0.03955388069152832,
        0.5308870673179626,
        0.8465190529823303,
        0.08627045899629593
      ],
      [
        0.8141416311264038,
        0.4740491211414337,
        -0.3353368043899536,
        -0.023759815841913223
      ]
    ],
    [
      [
        -0.5770586729049683,
        0.730415940284729,
        -0.3653704524040222,
        -0.14957693219184875
      ],
      [
        0.038055334240198135,
        0.47093480825424194,
        0.8813467025756836,
        0.1342044472694397
      ],
      [
        0.8158153891563416,
        0.4946846067905426,
        -0.29955315589904785,
        -0.044998664408922195
      ]
    ],
    [
      [
        -0.6303285360336304,
        0.7316876649856567,
        -0.25945931673049927,
        -0.1681566834449768
      ],
      [
        0.06168355047702789,
        0.38035982847213745,
        0.9227792620658875,
        0.16642425954341888
      ],
      [
        0.773874044418335,
        0.565649688243866,
        -0.2848846912384033,
        -0.04255872219800949
      ]
    ],
    [
      [
        -0.6374578475952148,
        0.7555214762687683,
        -0.15111224353313446,
        -0.1686667948961258
      ],
      [
        0.10007811337709427,
        0.2756556272506714,
        0.9560326337814331,
        0.20180316269397736
      ],
      [
        0.7639580965042114,
        0.5943073630332947,
        -0.2513301372528076,
        0.006060689687728882
      ]
    ],
    [
      [
        -0.6531542539596558,
        0.749118983745575,
        -0.11049915850162506,
        -0.19135157763957977
      ],
      [
        0.09174070507287979,
        0.22313666343688965,
        0.9704605340957642,
        0.23339661955833435
      ],
      [
        0.7516468167304993,
        0.6237232685089111,
        -0.21446728706359863,
        -0.04802625998854637
      ]
    ],
    [
      [
        -0.6699576377868652,
        0.742170512676239,
        -0.018427425995469093,
        -0.20519396662712097
      ],
      [
        0.07158663868904114,
        0.08928728103637695,
        0.9934300184249878,
        0.2882322669029236
      ],
      [
        0.7389398217201233,
        0.6642369627952576,
        -0.11294817924499512,
        -0.027644086629152298
      ]
    ],
    [
      [
        -0.6881656646728516,
        0.7216178178787231,
        0.07546932995319366,
        -0.22483019530773163
      ],
      [
        0.076352559030056,
        -0.03141331672668457,
        0.9965858459472656,
        0.3617607653141022
      ],
      [
        0.7215248346328735,
        0.6915785670280457,
        -0.03347969055175781,
        0.006361621897667646
      ]
    ],
    [
      [
        -0.6808149814605713,
        0.7264872193336487,
        0.09331277757883072,
        -0.25099480152130127
      ],
      [
        0.1392901986837387,
        0.0033425092697143555,
        0.9902459383010864,
        0.4311210513114929
      ],
      [
        0.719089150428772,
        0.6871718168258667,
        -0.10346817970275879,
        0.009667693637311459
      ]
    ],
    [
      [
        -0.6629221439361572,
        0.7486859560012817,
        -0.0018999153980985284,
        -0.23827141523361206
      ],
      [
        0.19975602626800537,
        0.17931801080703735,
        0.9632977843284607,
        0.3725733757019043
      ],
      [
        0.7215481996536255,
        0.6382119059562683,
        -0.2684284448623657,
        0.01051072496920824
      ]
    ],
    [
      [
        -0.6574654579162598,
        0.7465740442276001,
        -0.10181592404842377,
        -0.2364669144153595
      ],
      [
        0.2167218029499054,
        0.31678634881973267,
        0.9234057068824768,
        0.3446362316608429
      ],
      [
        0.7216445803642273,
        0.5850415825843811,
        -0.3700748682022095,
        -0.03462279960513115
      ]
    ],
    [
      [
        -0.6350301504135132,
        0.7393404841423035,
        -0.223857581615448,
        -0.2588146924972534
      ],
      [
        0.21016442775726318,
        0.44421136379241943,
        0.8709231615066528,
        0.351448655128479
      ],
      [
        0.7433488965034485,
        0.5060156583786011,
        -0.4374706745147705,
        -0.03806580975651741
      ]
    ],
    [
      [
        -0.5934772491455078,
        0.7325904965400696,
        -0.33331069350242615,
        -0.28418803215026855
      ],
      [
        0.16795894503593445,
        0.5177390575408936,
        0.8388898372650146,
        0.4081227481365204
      ],
      [
        0.7871306538581848,
        0.4418794512748718,
        -0.4303114414215088,
        -0.09945297986268997
      ]
    ],
    [
      [
        -0.5139750242233276,
        0.7548277378082275,
        -0.4075104296207428,
        -0.3736562132835388
      ],
      [
        0.13229809701442719,
        0.5391312837600708,
        0.8317660093307495,
        0.4372679591178894
      ],
      [
        0.8475416898727417,
        0.3735940754413605,
        -0.3769623041152954,
        -0.08404887467622757
      ]
    ],
    [
      [
        -0.5297926664352417,
        0.7777408957481384,
        -0.3382878303527832,
        -0.3664522171020508
      ],
      [
        0.18747174739837646,
        0.49638617038726807,
        0.8476173281669617,
        0.470838338136673
      ],
      [
        0.8271480798721313,
        0.3856421113014221,
        -0.40878617763519287,
        -0.10784393548965454
      ]
    ],
    [
      [
        -0.49788224697113037,
        0.7799085974693298,
        -0.37928327918052673,
        -0.3994970917701721
      ],
      [
        0.11817023903131485,
        0.4942731261253357,
        0.8612374067306519,
        0.485248327255249
      ],
      [
        0.8591560125350952,
        0.3839748799800873,
        -0.33825182914733887,
        -0.11215793341398239
      ]
    ],
    [
      [
        -0.5212770700454712,
        0.73734050989151,
        -0.4296501874923706,
        -0.4733790457248688
      ],
      [
        0.037226106971502304,
        0.5226318836212158,
        0.8517453074455261,
        0.5271779298782349
      ],
      [
        0.8525751829147339,
        0.4280010759830475,
        -0.2998843193054199,
        -0.1446193903684616
      ]
    ],
    [
      [
        -0.5431722402572632,
        0.702052891254425,
        -0.4605277478694916,
        -0.42787957191467285
      ],
      [
        -0.03942066803574562,
        0.5265659093856812,
        0.8492198586463928,
        0.5092816948890686
      ],
      [
        0.8386954069137573,
        0.47942686080932617,
        -0.2583404779434204,
        -0.10116180032491684
      ]
    ],
    [
      [
        -0.596732497215271,
        0.660133957862854,
        -0.4562162756919861,
        -0.36129647493362427
      ],
      [
        -0.10133053362369537,
        0.501994252204895,
        0.8589143753051758,
        0.6520844101905823
      ],
      [
        0.7960165143013,
        0.5587707757949829,
        -0.23266446590423584,
        -0.22098222374916077
      ]
    ],
    [
      [
        -0.5307601690292358,
        0.6804761290550232,
        -0.5052188038825989,
        -0.39112764596939087
      ],
      [
        -0.1543956995010376,
        0.50850510597229,
        0.8471036553382874,
        0.7266653180122375
      ],
      [
        0.8333401083946228,
        0.5276123881340027,
        -0.1648317575454712,
        -0.2940689027309418
      ]
    ],
    [
      [
        -0.4132413864135742,
        0.6231817007064819,
        -0.6639851331710815,
        -0.5255438685417175
      ],
      [
        -0.2875077724456787,
        0.6025718450546265,
        0.7444773316383362,
        0.6598791480064392
      ],
      [
        0.8640434145927429,
        0.4985496401786804,
